new_coverage: {473092, 474117, 523781, 473101, 523790, 523795, 523800, 582172, 754208, 473131, 582191, 473144, 566842, 582207, 566850, 473163, 523851, 473172, 523870, 582239, 399969, 160357, 399978, 473194, 399987, 464506, 490116, 464019, 582297, 464028, 582312, 464051, 582324, 490165, 464059, 582337, 571589, 636617, 490186, 582349, 522447, 466129, 636627, 490200, 1233625, 582361, 522460, 636640, 522466, 474339, 571620, 582373, 490214, 636648, 522475, 1233648, 522481, 636662, 636667, 490237, 1233664, 636675, 636688, 1233680, 636693, 490261, 636698, 465183, 474405, 490282, 753968, 523577, 465213, 523583, 508736, 490309, 465226, 459089, 490321, 524114, 459094, 490326, 465245, 459104, 465254, 459114, 490348, 508782, 508795, 465276, 490364, 524162, 522630, 524173, 508816, 522657, 522666, 508843, 522668, 522676, 522681, 522686, 508865, 522691, 522696, 522701, 754129, 1247697, 508881, 522709, 473056, 582116, 473065, 473074, 473083, 523772}
Interesting sample!
Length of coverage: 19050
Running copy C:\Users\elsku\svg_custom_mutator\fuzzed.docx C:\Users\elsku\svg_interesting\5477066.svg
        1 file(s) copied.
[+] Generated fuzzed.docx
0
1
2
3
4
5
6